start=2.336000
volume=98.000000
