start=152.652500
speed=2.000000
sid=1
sub-scale=1.000000
