start=41.375000
speed=2.000000
sid=no
