start=3392.426500
speed=2.000000
af=lavfi=graph=%113%lowpass=c=LFE:f=120,volume=1.6,pan=stereo|FL=0.5*FC+0.707*FL+0.707*BL+0.5*LFE|FR=0.5*FC+0.707*FR+0.707*BR+0.5*LFE
sub-delay=0.300000
ab-loop-a=1705.120083
